24
CANVAS 700 600 #00CD00 100
POLYGON 4 120 550 180 250 100 250 100 545 #FFFF00 100 #FFFF00 100
POLYGON 5 145 350 145 100 130 100 130 300 145 300 #CDC8B1 100 #CDC8B1 100
POLYGON 6 130 100 145 100 170 85 170 80 130 80 125 90 #000000 100 #000000 100
RECTANGLE 100 350 15 50 #CDC8B1 100 #CDC8B1 100
RECTANGLE 100 365 15 50 #CDC8B1 100 #CDC8B1 100
CIRCLE 300 300 150 #3D9140 100 #3D9140 100
POLYGON 6 145 350 120 550 250 592 350 592 480 550 455 350 #3D9140 100 #3D9140 100
POLYGON 10 145 350 150 300 450 300 455 350 390 350 350 400 350 592 250 592 250 400 210 350 #CD3700 100 #CD3700 100
POLYGON 8 165 335 160 315 440 315 435 335 335 350 320 580 280 580 265 350 #000000 100 #000000 100
CIRCLE 200 400 50 #006400 100 #006400 100
CIRCLE 400 400 50 #006400 100 #006400 100
PAINT 200 400 #3D9140 100
PAINT 400 400 #3D9140 100
CIRCLE 200 425 40 #000000 100 #000000 100
CIRCLE 400 425 40 #000000 100 #000000 100
LINE 140 557 160 425 #006400 100
LINE 245 591 240 425 #006400 100
PAINT 200 350 #006400 100
PAINT 200 425 #3D9140 100
LINE 355 591 360 425 #006400 100
LINE 460 557 440 425 #006400 100
PAINT 400 350 #006400 100
PAINT 400 425 #3D9140 100